551991987 1.41
551993303 2.144
551993303 2.144
551993303 2.144
552685948 2.176
552685948 2.176
552685948 2.176
552685952 2.187
552685952 2.187
552685952 2.187
551991991 1.88
551991991 1.88
551991991 1.88
551991987 1.41
551991987 1.41
551991987 1.41
551993303 2.144
551993303 2.144
551993303 2.144
552685948 2.176
552685948 2.176
552685948 2.176
552685952 2.187
552685952 2.187
552685952 2.187
552685948 2.128
552685948 2.128
552685948 2.128
552685952 2.176
552685952 2.176
552685952 2.176
553084349 1.51
553084349 1.51
553084349 1.51
553090822 2.144
553090822 2.144
553090822 2.144
552685948 2.09
552685948 2.09
552685948 2.09
552685952 2.176
552685952 2.176
552685952 2.176
553084349 1.51
553084349 1.51
553084349 1.51
553090822 2.144
553090822 2.144
553090822 2.144
552685948 2.09
552685948 2.09
552685948 2.09
552685952 2.176
552685952 2.176
552685952 2.176
553084349 1.51
553084349 1.51
553084349 1.51
553090822 2.144
553090822 2.144
553090822 2.144
553180777 2.08
553180777 2.01
553180777 2.08
553191682 1.92
553191682 1.72
553191682 1.72
553177430 1.23
553191682 1.83
553191682 1.67
553191682 1.72
553177430 1.23
553177430 1.23
553177430 1.25
553095548 1.62
553095559 2.599
553095555 1.56
553175599 1.52
553175599 1.38
553175599 1.42
553095557 1.3
553095548 1.62
553095559 2.599
553095555 1.56
553312924 1.75
553312924 1.68
553175599 1.5
553175599 1.38
553175599 1.42
553095557 1.3
553177426 1.37
553177426 1.37
553177426 1.4